  13801  -5483   -420  12549  32284 -22557  -4646   2645
  14944  -4193  12692  -8780  19452 -27690  18643  22268
  18611 -24518  13436  -7945 -11168  11735   4948  14302
 -19625  20264 -18398  30541 -27615   9001  10958 -19275
   3512  27131 -18438  30835 -30441 -21447 -13906  -4963
  -5185   3288 -13350 -10819  -4166  29768  18042 -23185
  -7434  11471   1475  10711  12323  26167  32068   5557
   2082  20090  10501   -321  -5647  23958 -22911 -22537
 -16558 -22514  24275 -26274  14236  25117 -32156  22717
  10567   3277  20890 -11747 -17854  26704 -28488  16338
 -21494  28190 -28662 -28567 -12791 -24547  17709  12020
  -5616     60  -1006  20171  27601 -20158 -15869  32548
 -22108 -26442   9065 -14338  16253  30207  27215   3280
  26409 -21239   8319 -23357 -13579 -24992  -3552  19720
 -20826  12277   5402  28492   4170 -14430 -12001   7396
 -26897  19295 -32228   6116  25142  -8387  28128   6453
  20662  25128  14125 -13462 -21300  22275   8241  11889
 -27127  14449 -19975   9405   5565  32519 -15859 -29079
  12043   -143 -19127 -21668  13301 -12063
